&model
x_len = 64
y_len = 64
dx = 0.001
dy = 0.001
dt = 0.000001
x_diffus = 0.1
y_diffus = 0.2
x_ref = 0.0
y_ref = 0.0
init_time = 0.0
fin_time = 0.00001
output_freq = 1
/
